(684, 934)
-1
373
250
327
-1
322
7
218
3
285
-1
283
(621, 871)
329
166
-1
53
175
372
36
184
196
1
374
499
118
394
62
178
188
-1
(607, 857)
117
-1
482
(677, 927)
(581, 831)
272
(520, 770)
455
392
59
222
46
81
424
267
260
6
(674, 924)
-1
58
443
400
93
(581, 831)
210
(563, 813)
489
313
471
13
-1
(639, 889)
(631, 881)
273
157
(685, 935)
88
-1
91
89
256
-1
-1
227
86
430
214
283
491
108
463
275
(525, 775)
2
52
98
332
382
417
238
(500, 750)
-1
118
(518, 768)
11
44
-1
441
-1
101
220
198
332
111
33
43
-1
146
(636, 886)
264
178
237
(572, 822)
489
(689, 939)
486
-1
(555, 805)
403
207
166
(622, 872)
121
(506, 756)
210
290
438
297
423
-1
359
50
(539, 789)
(516, 766)
70
76
339
118
186
37
156
339
-1
115
276
168
200
100
44
189
114
97
261
405
-1
261
257
258
29
5
417
218
187
184
(658, 908)
203
264
(638, 888)
411
(614, 864)
(632, 882)
387
375
(664, 914)
166
342
137
398
155
232
391
-1
-1
3
262
(685, 935)
(522, 772)
485
140
172
137
240
233
5
325
482
493
436
-1
-1
359
104
154
203
-1
438
393
-1
5
472
132
-1
288
153
368
54
210
115
-1
119
349
242
(638, 888)
395
367
78
464
-1
243
354
128
-1
4
-1
424
42
462
106
212
229
(599, 849)
211
395
441
101
495
-1
418
37
(571, 821)
29
83
282
481
-1
463
454
-1
-1
380
15
242
-1
(606, 856)
(614, 864)
194
242
56
-1
-1
-1
(578, 828)
256
385
-1
125
479
8
(525, 775)
434
441
107
476
302
291
23
(618, 868)
(593, 843)
169
(500, 750)
67
-1
224
(541, 791)
(640, 890)
-1
368
427
201
121
(629, 879)
35
313
338
209
67
77
212
104
456
413
223
443
(615, 865)
175
-1
24
215
-1
451
49
28
(688, 938)
448
99
303
(500, 750)
356
86
284
177
149
-1
354
494
318
-1
(503, 753)
-1
(623, 873)
111
450
(621, 871)
(645, 895)
142
-1
220
236
(683, 933)
-1
308
212
270
489
330
385
202
316
99
182
135
-1
88
(532, 782)
-1
(605, 855)
338
446
364
328
(666, 916)
174
-1
195
-1
493
127
-1
481
231
190
284
462
446
373
157
(632, 882)
364
475
428
390
371
252
264
3
150
472
428
(541, 791)
118
279
123
351
168
137
-1
406
2
190
287
458
(616, 866)
148
-1
-1
496
171
272
236
(611, 861)
(627, 877)
280
82
299
405
93
109
-1
483
246
211
196
300
-1
344
-1
489
419
136
344
(544, 794)
-1
309
455
495
-1
46
215
-1
220
318
93
-1
47
179
392
258
424
224
284
431
11
347
386
214
(673, 923)
-1
451
-1
53
-1
429
333
299
320
101
372
218
23
350
498
44
354
246
236
116
(510, 760)
189
244
72
-1
164
496
66
230
398
369
320
489
485
328
(519, 769)
280
(557, 807)
325
-1
403
186
-1
405
234
-1
-1
438
291
-1
74
-1
297
92
307
388
292
-1
490
-1
-1
130
88
14
-1
309
(544, 794)
39
(602, 852)
408
11
339
0
464
148
460
290
(650, 900)
337
308
170
313
175
(504, 754)
407
126
(631, 881)
7
457
(553, 803)
435
188
477
209
-1
459
-1
241
(681, 931)
31
260
369
235
-1
44
236
-1
245
136
318
308
279
-1
-1
301
376
249
304
446
173
103
140
160
(566, 816)
89
130
153
-1
74
153
37
