(6906, 9406)
126
(5873, 8373)
2344
1892
(6208, 8708)
1464
-1
4214
2574
4954
(6370, 8870)
3170
3000
-1
1544
3669
4007
4193
(5235, 7735)
979
4693
2900
3151
(6862, 9362)
-1
-1
-1
(6155, 8655)
3343
423
2982
2977
3802
4581
1952
3668
643
-1
(6234, 8734)
-1
(6442, 8942)
2520
1714
3141
2536
616
1812
1267
-1
326
3610
121
2081
1477
3057
1897
4754
(5979, 8479)
2517
1367
-1
1621
2311
4647
3343
-1
4792
(5462, 7962)
-1
3473
2439
4606
2251
-1
2096
277
(7045, 9545)
4476
4617
4228
1603
2954
-1
4271
2542
582
(5263, 7763)
3049
507
(6513, 9013)
1240
520
4099
(6579, 9079)
1045
528
3356
3608
(6132, 8632)
3945
2684
4049
(7356, 9856)
4311
371
4116
-1
113
2110
-1
-1
736
3683
-1
440
1144
-1
3708
1866
-1
4418
-1
2413
(5575, 8075)
-1
1690
(6018, 8518)
4951
821
-1
2557
290
1540
(5024, 7524)
2050
1229
1546
3883
914
1029
329
2722
259
3981
(6756, 9256)
-1
1783
1981
4793
-1
(7183, 9683)
2783
2002
2788
4456
4310
3072
-1
1495
630
4401
(7283, 9783)
2374
3937
1799
2681
(5588, 8088)
3747
4535
801
1177
4630
-1
1028
2370
652
(6428, 8928)
3661
2768
(5513, 8013)
(7384, 9884)
3079
-1
3259
-1
4551
4953
(5044, 7544)
1503
1279
3887
3544
-1
8
3167
4473
-1
3112
1932
4474
1161
2156
208
1839
2159
2048
730
-1
3106
3345
1877
2812
2459
2374
800
-1
3066
2400
3884
(6218, 8718)
(7272, 9772)
(5644, 8144)
4767
3511
-1
3944
741
4864
578
688
3680
447
(5477, 7977)
3506
862
901
(6394, 8894)
2193
437
4180
4585
-1
3888
4076
2402
2288
2546
986
1057
3329
3454
2907
4488
2972
-1
3254
(7218, 9718)
1944
(6185, 8685)
4592
237
2246
4194
2529
4655
-1
3099
226
1748
-1
4467
3340
3985
(5340, 7840)
2712
-1
4030
401
3853
4788
3988
-1
-1
513
3290
4780
(6773, 9273)
2116
2725
571
3663
3182
2841
4777
1686
1214
-1
804
193
(5345, 7845)
3212
(6436, 8936)
4490
2619
2091
4556
1003
2780
(6636, 9136)
615
1091
737
(5171, 7671)
832
(6686, 9186)
-1
624
(5410, 7910)
(7058, 9558)
1329
2545
-1
(5896, 8396)
2708
3498
-1
-1
698
2570
(6173, 8673)
4633
867
-1
3169
4209
3498
2789
1992
2719
591
21
3737
2200
3737
-1
1310
(6124, 8624)
4813
4413
(5517, 8017)
1999
(6190, 8690)
1874
1244
1018
669
511
2858
613
4524
2580
-1
4835
565
4633
3309
-1
-1
4185
4946
2932
3467
222
1016
-1
3514
1103
657
-1
2086
3493
4588
4863
2293
-1
(5410, 7910)
4107
3720
2608
(5701, 8201)
3093
-1
2794
3709
4441
3216
4936
4791
(6578, 9078)
2848
(6295, 8795)
4964
1412
(5209, 7709)
3802
-1
1082
4123
566
-1
1859
(7039, 9539)
239
2221
(5944, 8444)
121
2764
-1
4303
(6638, 9138)
4877
1703
4944
1926
3281
(7288, 9788)
975
3673
793
3324
-1
2117
1446
618
(5288, 7788)
379
929
-1
-1
-1
2427
4154
(6921, 9421)
-1
3725
3843
(6391, 8891)
4968
1306
3629
4776
524
2730
1345
914
4906
3418
(6027, 8527)
3985
670
4468
2272
808
2425
4543
(5809, 8309)
2293
1525
49
3419
1832
3299
-1
328
-1
2918
2013
-1
233
2567
2821
4752
601
-1
-1
2522
-1
-1
3091
2665
4712
1902
304
622
3211
2406
3552
50
-1
2146
517
-1
4664
3129
2254
2728
1263
(7196, 9696)
2926
(5834, 8334)
(7323, 9823)
(5298, 7798)
(6286, 8786)
3990
3900
1586
3156
2748
1553
2528
-1
(5020, 7520)
682
455
148
819
-1
432
194
2376
2122
(6192, 8692)
92
(7189, 9689)
2500
1593
4826
4521
2394
-1
441
-1
(7272, 9772)
3558
-1
329
606
4799
-1
2491
-1
429
4636
3832
1946
3221
3204
4539
1533
3393
2166
-1
4418
-1
2624
1008
3999
-1
4633
4013
(6129, 8629)
3431
1369
3381
2205
818
-1
2454
3655
4534
1913
1761
2068
1337
3926
862
(5047, 7547)
-1
-1
3393
3042
3359
316
725
(6845, 9345)
34
(5658, 8158)
-1
3865
3524
1555
-1
577
(7379, 9879)
-1
2944
-1
2924
293
4729
4959
(7178, 9678)
373
2476
2561
3243
3522
4596
43
4534
3667
2830
418
4121
2710
382
1799
-1
(7015, 9515)
-1
(6550, 9050)
4923
4300
(5964, 8464)
3873
1874
474
1900
3176
579
774
-1
(7411, 9911)
4729
-1
2819
26
4396
742
(5751, 8251)
-1
1898
1656
1802
216
2850
(7098, 9598)
1595
-1
2836
3168
3011
1481
3994
2067
2846
651
2672
-1
-1
4937
585
1954
2005
4805
1834
-1
4170
982
3331
3515
-1
4330
(6687, 9187)
(7331, 9831)
1318
-1
4261
2112
-1
3522
4591
-1
236
3168
402
806
2543
4386
4791
134
2997
438
1903
1024
1261
3255
-1
3980
32
4875
(6869, 9369)
1396
200
1675
4171
1457
(6274, 8774)
396
3432
1439
-1
3911
4556
2763
40
-1
-1
4737
4110
(5883, 8383)
2103
-1
2648
648
1744
798
-1
2713
4791
2519
3270
(5624, 8124)
(5761, 8261)
3630
436
2030
(6165, 8665)
4243
584
4171
4298
3774
3947
238
596
(6616, 9116)
-1
4481
-1
3705
4081
3937
803
(7079, 9579)
5
(5121, 7621)
-1
2068
1482
3963
2133
4321
2839
1559
882
1864
2597
4043
2274
4319
4431
(7398, 9898)
2549
195
4962
2247
4262
(6012, 8512)
2181
2883
(5595, 8095)
(5647, 8147)
4902
2933
3563
-1
4232
3719
2434
-1
979
1671
16
3526
(5419, 7919)
3687
-1
2237
-1
4862
808
970
2501
2790
2428
-1
2451
-1
580
-1
1849
4352
1458
1810
-1
486
2787
-1
3342
658
1765
(6930, 9430)
(5509, 8009)
2334
1583
4661
1742
4710
(5148, 7648)
4670
2306
-1
(5760, 8260)
2722
1437
111
4319
3497
2016
1243
2895
4471
2802
2032
4685
4728
450
(5475, 7975)
4440
4083
1063
(5659, 8159)
2051
607
(6527, 9027)
1906
1809
4899
308
9
(6672, 9172)
2884
-1
1619
1461
4535
3945
-1
4003
3051
490
3947
161
-1
1391
1086
2234
(6702, 9202)
2408
-1
-1
2503
3423
2607
(6816, 9316)
3452
622
2256
3601
4716
570
3072
4277
4137
3240
1522
3203
1258
274
4645
4094
4088
-1
3311
1600
1529
2321
(7221, 9721)
1292
1535
4997
2682
2711
3950
-1
4513
3188
1084
1102
1840
575
4006
3612
3941
4065
1079
3512
(5314, 7814)
3780
3299
1750
4540
(7007, 9507)
4086
-1
2244
2848
4804
214
-1
(5817, 8317)
3571
(6936, 9436)
-1
680
-1
4997
4570
-1
663
3682
-1
(5858, 8358)
4977
2433
-1
(6937, 9437)
4175
3850
1980
4128
(7387, 9887)
3418
(5635, 8135)
4947
4740
4203
1425
2417
4835
3593
575
4451
576
1613
645
4679
4411
(7352, 9852)
(5130, 7630)
1627
834
910
(6789, 9289)
-1
1530
2958
3599
625
-1
4125
-1
2340
3465
1886
1231
2399
4922
384
-1
766
2176
2268
866
315
4634
4276
2477
2724
4622
2063
16
915
-1
4967
1946
141
589
(6850, 9350)
4874
-1
(5049, 7549)
2683
4306
2300
-1
70
-1
334
-1
809
4628
3963
2073
1782
(5862, 8362)
169
3627
3615
1713
-1
183
1401
2026
2833
3433
3555
4879
4705
(6521, 9021)
4877
-1
582
59
247
1242
4765
4306
1067
-1
4618
-1
-1
479
702
(6398, 8898)
3344
4895
3642
4486
4128
2225
3610
(6939, 9439)
4244
1273
4949
3196
1000
499
-1
281
3009
3214
1241
1136
-1
-1
2954
2831
4581
1667
(6993, 9493)
1736
-1
1469
2983
4673
-1
-1
1060
-1
-1
1799
4616
-1
1328
2741
4279
991
(6425, 8925)
674
4686
356
2489
704
4077
3222
(5229, 7729)
26
760
(6146, 8646)
4251
8
716
(6051, 8551)
1932
-1
2764
-1
3388
2726
-1
(7438, 9938)
2470
713
4118
-1
2712
3897
440
4471
3774
1226
2819
2129
751
-1
4459
3635
4683
1393
1238
2956
202
2208
-1
2496
2779
879
3749
2791
(5804, 8304)
2291
793
501
1907
4185
(6742, 9242)
4485
(5581, 8081)
-1
1893
-1
2074
4743
3685
3638
-1
3449
3301
2122
2887
2552
-1
(6142, 8642)
4623
4963
4139
686
4233
(5368, 7868)
1447
430
(6425, 8925)
4261
1850
3493
(5557, 8057)
(6376, 8876)
(6640, 9140)
-1
891
61
423
-1
3707
(6824, 9324)
2336
-1
3358
-1
2532
3103
2101
1611
3097
277
(5033, 7533)
3021
19
1241
2244
871
2325
3788
4290
396
4070
-1
1757
1670
1607
1344
4565
2849
48
4077
-1
2630
-1
4394
4905
4294
1789
441
3384
4818
587
-1
2383
1003
4589
673
4825
2215
4744
785
3271
3724
103
4562
4829
3840
(6595, 9095)
112
-1
3989
1176
1028
398
2852
3560
4795
654
(6810, 9310)
2410
4448
964
-1
(7107, 9607)
3927
2942
2591
3636
183
1638
(6334, 8834)
1713
1995
3322
-1
-1
187
1357
3474
-1
(6307, 8807)
2175
83
-1
-1
2918
445
(5769, 8269)
(6542, 9042)
23
4957
2980
1709
953
375
-1
-1
3287
2128
(5478, 7978)
1142
-1
-1
1350
1777
(7010, 9510)
-1
2812
3865
-1
1780
-1
1132
1687
-1
418
293
3863
3133
4625
-1
1702
4556
1515
3532
4253
2055
-1
-1
4353
2966
2360
-1
1925
(6219, 8719)
(5131, 7631)
1045
3537
1001
4042
3909
4634
-1
1569
2811
2677
2196
1904
1868
-1
-1
1375
4507
3741
4634
1795
-1
2599
352
(6452, 8952)
-1
289
-1
4260
1772
2929
921
2652
383
-1
3458
1108
3745
3727
2470
2193
-1
-1
-1
4830
3611
4053
4714
(6064, 8564)
2854
3016
58
3107
890
4207
(7066, 9566)
897
-1
3752
-1
1091
4553
1135
-1
3074
793
-1
4638
1087
3706
1213
2995
1295
1340
2263
3154
-1
3306
(7165, 9665)
1455
2521
-1
4807
95
202
2294
(7097, 9597)
-1
2606
2051
-1
1571
4731
730
1739
4797
137
762
2579
601
-1
(5164, 7664)
-1
-1
176
1901
(6338, 8838)
3261
3278
1118
1508
(7283, 9783)
2573
2962
662
3517
3880
-1
-1
2771
-1
3197
3966
4031
2917
-1
347
3851
163
4782
3213
2269
1603
671
4018
1383
2690
(6694, 9194)
753
4628
4911
(5552, 8052)
281
1086
1152
1131
3679
2042
1513
993
-1
2859
457
2474
(5153, 7653)
3224
(5606, 8106)
566
4611
(7033, 9533)
4168
-1
2732
2035
1710
4124
(6918, 9418)
-1
3149
1878
2367
-1
3247
-1
2117
3383
3703
4447
4308
1436
(6214, 8714)
4469
208
858
33
1139
2631
(6988, 9488)
2963
2701
73
3939
(5535, 8035)
3089
3307
924
1717
363
-1
437
536
4535
4598
2694
142
1246
-1
2767
1016
2431
1272
704
-1
2673
1732
1595
(6183, 8683)
(5117, 7617)
4499
930
-1
(6996, 9496)
372
4153
(6714, 9214)
2280
(5447, 7947)
3224
449
(5823, 8323)
3537
1243
-1
3413
4477
4464
3459
4303
3062
-1
1359
2980
1732
1169
4460
500
1906
-1
772
267
1477
-1
2030
4882
4795
1229
4420
(5497, 7997)
3197
3048
-1
4839
(4999, 7499)
1575
4404
-1
-1
837
-1
-1
(6523, 9023)
4082
3138
4024
-1
547
3744
3513
4338
2470
1310
2302
76
4225
1080
443
-1
4570
3655
4998
1890
4787
4509
(5041, 7541)
2342
2273
1740
1311
-1
762
4096
-1
2654
2273
(5884, 8384)
3424
710
4252
(7049, 9549)
658
-1
4069
570
(5235, 7735)
113
3016
4357
2795
-1
4675
(5888, 8388)
(7171, 9671)
3668
737
3228
2278
3583
-1
3916
2818
1409
(6136, 8636)
2843
862
1672
2703
4189
4455
4311
1211
1617
2453
3860
2712
(6447, 8947)
(6734, 9234)
1811
4251
4124
(5575, 8075)
-1
2550
1984
1244
69
1873
14
3393
2816
-1
4550
4695
1292
-1
4473
1416
-1
3111
3607
(5641, 8141)
1093
3212
2745
(5946, 8446)
4342
2864
4658
555
-1
3735
1678
(5246, 7746)
1850
3355
-1
3829
1602
2071
-1
1179
4102
4776
795
410
458
1435
-1
1788
3799
1323
2604
1109
1986
3835
(7021, 9521)
2570
4196
3640
(5346, 7846)
436
-1
2724
4057
3997
-1
3341
1838
4968
3000
4768
2456
4577
3794
3798
2354
(5029, 7529)
4398
1900
3214
-1
656
433
-1
3342
2761
1465
228
(5496, 7996)
(5748, 8248)
(6017, 8517)
180
-1
3205
3922
3473
855
(7347, 9847)
4796
1498
(6608, 9108)
3806
(5832, 8332)
1515
1911
197
1186
-1
3829
3380
2576
-1
4501
1251
-1
3159
4568
2069
286
3502
(6076, 8576)
364
1204
(7266, 9766)
-1
4145
-1
(5403, 7903)
3926
2101
666
4077
2344
3926
4671
483
3787
-1
2374
4939
2192
691
2540
1226
1893
(5391, 7891)
4805
(6419, 8919)
2332
1388
1813
-1
3477
3616
2148
3730
-1
420
-1
2158
101
4102
4078
3175
3983
4974
-1
1783
-1
1115
(5095, 7595)
-1
955
4353
-1
4331
(6238, 8738)
-1
-1
-1
-1
448
-1
4374
-1
-1
4731
3216
713
4869
1033
(6000, 8500)
3194
2376
2107
603
3128
2736
1969
2517
50
(6181, 8681)
78
414
3393
(5730, 8230)
3290
3727
(5792, 8292)
-1
1979
1896
3622
783
(6441, 8941)
2685
(7018, 9518)
1501
975
1044
-1
-1
3750
-1
4419
4710
3116
-1
1968
1673
(5917, 8417)
-1
-1
(5670, 8170)
671
352
1943
4250
2709
-1
1427
4404
-1
1949
2770
3182
2723
1276
1088
1004
-1
(7025, 9525)
4903
3426
2195
2948
321
3065
1844
4570
3642
(6823, 9323)
377
4657
-1
-1
3346
-1
-1
-1
948
1773
-1
3978
2075
4342
2257
(6427, 8927)
2787
4695
-1
3900
-1
4195
2161
3780
2503
1310
4526
4770
2801
4188
4161
139
2852
4057
4432
(6439, 8939)
4992
2997
-1
-1
1289
883
(7049, 9549)
4476
1027
-1
4785
1329
3573
2752
-1
242
4676
2779
4564
(6023, 8523)
495
2454
1609
-1
2330
-1
2871
-1
-1
3149
4422
3841
2798
1042
4418
1430
2717
2191
669
2641
2452
3290
3613
4304
2638
(5263, 7763)
1690
3657
1062
3477
3707
719
2827
1818
2985
734
776
1841
4474
546
1246
1804
2930
2219
-1
1294
1165
2482
-1
4965
(6167, 8667)
4314
2789
4331
843
4856
3055
(7362, 9862)
3738
1084
(6267, 8767)
1275
2961
2565
2997
672
-1
906
3879
3564
-1
(6517, 9017)
3280
4646
4542
1498
3814
-1
2853
161
2107
4779
52
1301
1652
90
151
-1
4512
1217
1844
109
2303
4870
2402
781
2820
2049
3185
4753
-1
2034
(5433, 7933)
2706
3064
-1
(5300, 7800)
929
2506
4139
(5871, 8371)
(6110, 8610)
53
1547
-1
4128
-1
(6646, 9146)
70
4979
1993
-1
657
3139
4740
2908
538
3851
1540
545
4185
4
3404
(5280, 7780)
-1
1303
-1
(5337, 7837)
2841
24
1731
4499
4881
(5664, 8164)
3671
972
4872
4895
1265
2780
1944
3017
1065
4328
(7101, 9601)
3337
1219
1908
4141
-1
2453
4676
352
1390
(5686, 8186)
1807
2724
572
2456
-1
2655
2712
3934
-1
3332
4540
2459
372
1406
1060
220
4224
1405
-1
266
(5040, 7540)
4508
3765
3306
(5097, 7597)
3217
2220
1900
(7014, 9514)
4065
4706
1574
599
(7037, 9537)
3554
-1
4444
-1
99
(6657, 9157)
4747
1994
2301
1264
2261
-1
4295
172
3932
-1
1965
3297
-1
3377
-1
2933
2620
3110
-1
3270
2740
1518
3972
2295
-1
4150
(5888, 8388)
2435
3666
(7046, 9546)
2865
-1
4320
1584
(6575, 9075)
659
3109
3393
273
3601
1218
-1
4256
3798
-1
369
1402
(6204, 8704)
2323
4833
(6027, 8527)
1070
3276
-1
1089
4559
79
4167
4293
2178
418
4932
(5535, 8035)
2688
689
1837
(6070, 8570)
4740
3650
1821
3181
3297
2695
3843
1548
2995
1051
-1
3416
4078
1730
354
151
-1
4643
3232
2497
3947
4848
4868
1894
511
(7185, 9685)
2499
2683
3694
-1
(5488, 7988)
2077
2860
2030
81
(5454, 7954)
2538
612
3964
4744
2052
4628
1407
1194
(6508, 9008)
4135
2964
441
1526
554
918
3984
(6550, 9050)
-1
656
2785
3087
1534
(6402, 8902)
-1
4840
(7051, 9551)
4857
-1
249
883
3748
889
972
2518
4656
-1
279
18
2431
-1
1178
3206
1867
4730
24
2671
444
-1
(6912, 9412)
4787
2599
-1
114
3568
4591
4370
1453
3948
3802
1004
28
(6047, 8547)
2014
889
4860
3415
231
4903
4859
780
-1
4854
-1
2717
4782
(7201, 9701)
4014
1606
3999
3719
2606
2424
3066
-1
4750
59
-1
1205
2765
3335
3404
2965
4109
(6097, 8597)
3597
-1
-1
-1
1001
4187
945
2731
-1
2529
1143
4232
-1
3731
-1
-1
4559
259
(7226, 9726)
-1
(5199, 7699)
1960
-1
-1
4004
4490
149
-1
4464
3327
3486
2818
3245
-1
-1
-1
2430
995
(5460, 7960)
-1
3145
329
(5001, 7501)
1315
2060
881
(6429, 8929)
2696
2560
(5865, 8365)
4939
-1
3606
1625
(6474, 8974)
3590
-1
2677
-1
2531
912
3123
3555
-1
983
-1
3673
-1
2252
-1
8
4626
4160
-1
1923
1106
4760
4442
2154
2394
1762
895
4876
4118
4111
-1
-1
3055
1650
4859
634
2959
3851
4357
4586
11
1237
391
3979
2900
1801
3771
4422
-1
809
3484
1909
2587
3765
4513
3160
2787
-1
1497
4404
1650
4642
4440
4195
651
4896
-1
-1
-1
4305
(7411, 9911)
1016
(5000, 7500)
2620
3893
2952
2497
680
(6159, 8659)
2838
3666
4418
-1
637
1558
731
-1
3212
1368
1911
-1
3571
-1
546
(5364, 7864)
3072
(5485, 7985)
(5283, 7783)
3347
173
(5455, 7955)
3199
-1
1857
4777
(5392, 7892)
2634
2266
704
1452
4416
3569
2389
2089
-1
-1
(7319, 9819)
4397
-1
-1
2800
1515
-1
2898
-1
-1
2210
450
(6378, 8878)
3577
2041
4906
2668
2309
-1
762
4481
502
500
(6474, 8974)
1249
3194
4613
(6837, 9337)
2214
(6576, 9076)
2942
61
-1
3096
3091
2868
3319
-1
2877
(7146, 9646)
(7239, 9739)
1166
598
2429
4794
2022
4903
-1
1109
3270
522
670
3075
3542
4336
2111
632
2824
-1
3170
742
1748
-1
2003
(6596, 9096)
4100
229
299
-1
3248
472
1836
(7250, 9750)
3634
4468
415
4551
393
2092
694
332
567
2117
4993
3777
1990
-1
4256
1205
4742
(6247, 8747)
-1
2225
-1
2814
(6905, 9405)
526
4464
3966
(5038, 7538)
2183
1307
(5163, 7663)
3875
867
3565
3550
1394
3306
2047
(5248, 7748)
3139
-1
(6901, 9401)
4122
801
-1
4679
3032
3806
995
78
1467
83
1122
71
(5279, 7779)
(5808, 8308)
4
-1
1230
3057
3872
4647
4275
4385
-1
2543
2587
1241
-1
525
4137
4678
4275
3001
3298
-1
3039
3307
(7002, 9502)
3199
(5873, 8373)
-1
4635
4214
2346
3804
-1
1038
3927
2926
(5967, 8467)
2019
2925
4373
4054
-1
3739
1322
-1
1395
3350
336
-1
-1
-1
-1
1567
925
1555
-1
(5955, 8455)
4714
593
(7374, 9874)
4069
(6276, 8776)
532
1109
1901
513
-1
2329
561
654
2351
1821
-1
32
4917
4257
1749
963
2986
4793
2989
-1
3991
3143
(6960, 9460)
-1
1482
569
-1
3101
-1
412
(6740, 9240)
770
3346
23
-1
865
4798
-1
2432
3260
3498
2703
1708
4861
4489
1822
537
1696
(5874, 8374)
(5291, 7791)
-1
(6264, 8764)
828
569
1453
4892
-1
850
3498
(6917, 9417)
3986
2700
(6431, 8931)
-1
1690
2416
-1
2433
(5905, 8405)
-1
-1
3734
2664
2804
-1
3800
(6475, 8975)
1729
273
(6717, 9217)
3091
-1
4921
(5811, 8311)
-1
2194
1994
2840
-1
1082
1782
140
93
2335
1525
3360
3877
3450
3322
1647
2432
976
4874
1513
4763
(5039, 7539)
4715
-1
2720
1621
-1
3920
(5313, 7813)
1505
4018
1391
3837
4743
(5971, 8471)
2152
2164
2895
-1
737
2995
3752
(6120, 8620)
(5121, 7621)
296
-1
2612
3740
-1
2253
3506
1263
2437
2118
1832
285
-1
986
659
1891
2028
3022
1877
(5629, 8129)
2175
3242
176
(5377, 7877)
(6567, 9067)
1370
3719
230
2754
3326
1097
-1
993
3805
-1
5
-1
4221
668
-1
2679
851
4333
-1
3588
3636
4211
(5035, 7535)
405
3010
4153
4862
4671
3706
3751
(6643, 9143)
3474
2871
2729
4649
3035
170
1287
(6518, 9018)
4770
-1
4704
2535
62
831
2449
3396
2759
4204
4331
901
(5960, 8460)
-1
1168
-1
-1
2872
620
1911
3533
-1
2475
1782
1155
1054
2062
-1
484
4122
3443
2790
(6639, 9139)
3941
3664
4767
2715
2141
789
1982
4386
2183
4039
4927
4383
4627
-1
3102
-1
919
-1
(5627, 8127)
-1
2644
4966
3096
1570
2955
-1
-1
-1
1547
4500
2652
-1
-1
2420
1900
3099
3960
1733
3896
387
3763
2167
12
-1
3868
-1
1449
3265
4545
269
3719
(5160, 7660)
2984
2665
-1
3337
(5555, 8055)
(6923, 9423)
2853
-1
2201
94
2103
-1
2241
2098
1652
(7050, 9550)
4849
185
677
664
1881
-1
2237
1050
4085
641
9
1643
-1
1095
-1
4023
(5758, 8258)
1002
(6684, 9184)
1431
444
3974
2671
1035
4122
3344
2779
2957
1020
3303
2712
198
1491
-1
-1
1623
4200
3532
(5395, 7895)
1352
355
3778
-1
4295
3478
-1
1688
4814
4261
1357
1424
-1
3656
(5182, 7682)
-1
4456
2404
434
2327
(7063, 9563)
2038
1273
-1
-1
4326
(6350, 8850)
3883
3389
2429
-1
614
(5611, 8111)
505
2339
3064
4012
3951
4396
2841
2747
4989
-1
723
3440
2386
-1
4194
3066
4645
2707
(5424, 7924)
-1
2403
2487
1354
575
3265
1545
18
2412
-1
4959
653
(5341, 7841)
1077
2242
2090
4282
2400
(5799, 8299)
-1
(6592, 9092)
2785
739
3516
3424
1453
1498
3666
4276
1173
4152
1366
-1
4781
4085
107
4540
3370
-1
2817
3254
4981
4156
-1
4536
3773
1829
2735
3084
465
455
885
2168
1124
3619
2204
-1
4724
2461
599
-1
-1
3663
1674
1136
326
127
4975
3876
(5634, 8134)
-1
1344
126
3061
1088
4586
-1
3904
-1
3261
2182
-1
3595
3928
4806
1667
2676
3071
1722
-1
84
4889
3958
-1
(5359, 7859)
854
(5312, 7812)
2452
-1
(7448, 9948)
4527
2758
3155
557
1911
3857
1495
1632
1148
-1
-1
2275
(7446, 9946)
1162
1653
1484
1377
541
4339
-1
2468
4175
1592
4229
2145
1213
-1
194
3550
1259
(7035, 9535)
-1
(7078, 9578)
245
2803
-1
-1
(4999, 7499)
-1
2300
4981
(7164, 9664)
(6672, 9172)
621
283
1405
-1
511
4770
914
3355
679
-1
786
1649
3389
4563
3658
2388
4419
968
-1
4000
3899
(6582, 9082)
4068
770
1587
500
3556
1387
4135
691
1895
-1
2363
-1
1400
2466
2532
3174
4812
179
3056
1053
1254
584
3142
(6117, 8617)
1404
(7428, 9928)
3848
4534
4405
(6117, 8617)
1556
(7219, 9719)
(6804, 9304)
4483
2483
2025
3053
900
4994
3573
3553
3124
471
(5178, 7678)
2530
2476
2916
3117
3202
1301
4924
(6692, 9192)
2309
3886
1444
2253
3037
1214
(5233, 7733)
4555
(7166, 9666)
0
915
4707
(5844, 8344)
458
-1
764
4773
4522
1929
26
368
2491
1513
3251
1830
4533
350
2581
1119
2054
1246
(5612, 8112)
2978
-1
-1
4280
1425
3341
59
3281
-1
969
-1
2383
4898
4470
-1
3845
3953
2260
793
(6852, 9352)
-1
3832
3709
4787
4050
-1
550
-1
2653
-1
4555
2637
3514
1948
-1
116
1018
930
2851
3771
206
(5869, 8369)
1047
1140
3095
301
4484
3450
2763
2370
346
3398
(5129, 7629)
63
3889
3649
164
3590
2495
2516
3972
4811
3914
4772
3716
3416
3263
928
-1
(7220, 9720)
1301
319
3451
382
3765
1362
2152
2332
10
3134
317
-1
3002
1941
4707
4022
4082
427
(6259, 8759)
-1
1433
2972
2434
2807
4674
4562
-1
3878
4792
4556
-1
837
-1
984
540
495
1409
1587
4549
3837
-1
938
2981
4154
4584
-1
2659
23
1727
4571
3770
2258
(5345, 7845)
-1
-1
3640
709
3442
299
-1
1644
3291
-1
1221
2999
4983
-1
766
(6179, 8679)
-1
3525
-1
-1
1795
4806
4737
4432
4968
4330
3687
3218
-1
3376
-1
4487
-1
3026
(6333, 8833)
4651
(6366, 8866)
4982
4144
-1
(6781, 9281)
(6205, 8705)
1348
4615
2430
517
-1
2752
-1
2861
1165
1845
1388
617
4442
4635
675
2966
4058
264
(7248, 9748)
(5585, 8085)
4342
1569
(5304, 7804)
3492
-1
4346
267
1027
397
-1
-1
2403
-1
-1
70
(7093, 9593)
1708
2267
1290
2691
-1
500
3278
2815
4066
1308
3729
718
3337
-1
3077
3980
4990
114
1025
(7404, 9904)
-1
(5606, 8106)
4683
-1
3443
185
629
2665
2652
4415
3363
413
-1
3509
-1
4752
-1
311
3002
2217
1015
-1
4412
(7422, 9922)
4048
2203
-1
4324
1244
1595
2162
3709
3746
-1
3411
-1
2588
-1
3385
2985
963
-1
4289
(5204, 7704)
(5274, 7774)
4897
428
-1
-1
3691
(6837, 9337)
4331
(5821, 8321)
944
1319
103
(7308, 9808)
4258
128
2118
2974
-1
(7412, 9912)
2950
3070
977
-1
3741
3922
-1
-1
-1
2517
160
4855
1064
681
2750
2852
2667
2607
1546
420
-1
-1
(6345, 8845)
2540
2970
3400
-1
-1
607
2843
4289
(5321, 7821)
727
(5869, 8369)
4243
3490
1984
-1
4459
2150
606
860
4856
468
3702
2610
1448
51
3671
-1
1558
2312
-1
2112
718
-1
-1
4900
4035
(6837, 9337)
670
-1
4668
2928
4932
2759
-1
442
3227
-1
449
2024
(7340, 9840)
(6537, 9037)
1813
-1
2903
944
1501
762
-1
2625
2701
-1
4233
-1
1751
3040
(6023, 8523)
(5904, 8404)
-1
258
3437
3700
1938
(7414, 9914)
3758
4400
4478
4463
4283
4025
4018
(7206, 9706)
3465
1749
-1
4550
2129
1570
(5670, 8170)
1772
3385
3821
873
3951
3265
1599
3041
706
3065
3208
4107
1335
3328
4288
-1
4658
256
3911
57
770
1117
1035
2919
1638
4252
102
2157
2721
3795
(7206, 9706)
364
-1
-1
1564
4836
-1
1566
3713
274
3932
4631
3131
2262
(5955, 8455)
-1
50
1686
(5399, 7899)
-1
3276
-1
1496
3499
864
1218
(6881, 9381)
1397
153
2868
-1
3475
-1
1714
100
3518
3801
145
(6701, 9201)
3759
-1
-1
4341
2103
1097
1770
-1
1829
205
(7408, 9908)
-1
-1
172
1105
4099
447
-1
4199
800
4136
4310
3566
3799
2130
1966
338
131
-1
1083
(6479, 8979)
3478
3272
3618
3197
-1
(5141, 7641)
686
3709
(5044, 7544)
-1
2315
-1
2263
585
685
-1
2858
(5029, 7529)
(6222, 8722)
1264
4536
3271
-1
2292
3668
3801
4206
1047
(6963, 9463)
4315
1313
-1
-1
709
103
4201
4466
2954
2607
4959
1452
1315
2202
1894
-1
1685
-1
1006
4293
2190
2752
3917
1988
2026
3121
4257
-1
2530
2357
317
2330
3927
(7430, 9930)
-1
4515
(6561, 9061)
3686
1367
3244
2090
-1
(6387, 8887)
-1
4272
563
3567
1342
1979
1949
4120
617
4029
(5035, 7535)
(5110, 7610)
(5387, 7887)
716
2609
4455
-1
548
2777
3246
2419
1954
(6764, 9264)
2770
-1
2039
4339
357
1633
4948
3429
161
1505
3165
4225
2912
1825
4464
4822
3923
2116
(6263, 8763)
1399
-1
1617
4035
1327
(5860, 8360)
(5340, 7840)
(6648, 9148)
788
1724
4957
-1
-1
1360
-1
3295
3700
3651
3859
1404
414
1951
(6682, 9182)
97
-1
2036
2948
4348
-1
102
-1
2603
2254
4164
(7159, 9659)
2207
(5994, 8494)
2351
4759
4296
(5391, 7891)
-1
(5299, 7799)
2660
4668
3589
2561
4174
3899
1656
4201
4416
299
4203
2994
294
-1
3100
2427
4899
4057
3854
3679
-1
1306
1603
279
(5328, 7828)
-1
-1
(5612, 8112)
3744
3575
3183
4119
2402
2111
552
3870
2437
(5682, 8182)
4764
4285
4452
1431
4247
-1
2627
2412
1289
(5156, 7656)
2752
-1
3938
3501
3731
1535
405
330
512
260
(6551, 9051)
3423
3679
4699
1310
3838
4865
4816
2908
2122
2863
3308
2582
727
459
840
-1
(6104, 8604)
3285
(6483, 8983)
-1
3276
2463
2317
2303
-1
73
(5943, 8443)
1862
2541
(7079, 9579)
2556
-1
2557
3684
552
(5481, 7981)
1198
846
951
3723
2059
4379
4418
-1
4559
(6870, 9370)
-1
-1
(7319, 9819)
1386
4322
1341
3904
2780
-1
213
(6964, 9464)
(5722, 8222)
4873
2642
1730
2289
(6324, 8824)
(6245, 8745)
2473
-1
4762
-1
3108
4174
2879
4777
4435
1494
1823
2845
4233
(7422, 9922)
4671
98
4274
-1
-1
2985
64
2795
4363
674
3134
3024
2051
(6868, 9368)
(7395, 9895)
(7173, 9673)
3446
(6403, 8903)
-1
1797
1850
-1
(6775, 9275)
3335
2794
17
2868
4986
74
-1
1301
-1
417
718
(5477, 7977)
2621
3170
2917
2533
187
3770
2024
3840
2059
4797
-1
4628
1126
1393
1485
3861
4061
4417
4374
1968
4537
-1
3949
-1
2946
2315
410
2889
3542
-1
-1
4634
892
790
3635
2440
1625
(5031, 7531)
3111
1843
(5101, 7601)
2852
4998
1357
2113
401
3412
3891
1644
681
-1
3244
3689
2393
2558
1717
2087
4597
(6471, 8971)
-1
1308
4819
4034
3434
1165
1660
1108
1366
4794
997
2468
3217
1318
(5798, 8298)
2401
1990
2452
(6868, 9368)
80
1355
240
1150
2148
-1
2599
834
4429
1098
3118
4221
994
2778
384
1864
2985
567
1450
1597
2621
80
-1
208
(6457, 8957)
4893
3073
3638
369
1082
1416
4647
-1
34
(7445, 9945)
2756
4762
3350
1661
3776
1680
1738
1666
4544
4885
636
1065
360
-1
1910
1203
3978
2948
2103
-1
1341
2614
-1
4764
(6347, 8847)
4641
(7236, 9736)
1792
-1
600
-1
123
3285
-1
3224
747
1148
2387
64
208
4813
187
2010
4284
3615
4471
484
2698
(5516, 8016)
(5712, 8212)
(5100, 7600)
3205
3182
4687
-1
4642
2448
4661
(7330, 9830)
3328
4198
4428
1054
1158
1033
3748
3435
2629
-1
4244
-1
4809
3955
1366
333
-1
3833
-1
1232
4724
-1
2820
990
4301
1537
1247
2630
-1
4986
2573
-1
-1
3877
-1
(6246, 8746)
2227
163
786
3967
-1
3248
(5508, 8008)
4624
(6611, 9111)
3503
-1
-1
-1
(5418, 7918)
-1
-1
(6865, 9365)
2719
371
(5225, 7725)
-1
4564
4635
4052
1152
908
2784
633
2259
527
3901
641
(6464, 8964)
(6658, 9158)
-1
2864
(6751, 9251)
-1
4498
3443
4799
4412
-1
2815
(5980, 8480)
(6134, 8634)
3507
(5065, 7565)
(5297, 7797)
4359
1883
2123
2543
1907
-1
2985
-1
4233
278
344
3670
586
-1
(6505, 9005)
727
3868
2937
-1
2104
4006
-1
1619
(7147, 9647)
-1
4920
48
802
(6944, 9444)
1283
(5646, 8146)
3803
(6977, 9477)
1852
529
4213
3407
-1
4711
4158
(5533, 8033)
707
106
-1
1955
2701
149
2011
3617
4993
2797
2842
1381
2687
828
441
-1
3934
4450
4232
4551
1758
2525
3595
669
4229
1571
4557
3502
4010
1489
1405
-1
-1
(7184, 9684)
2338
-1
2292
2430
684
1305
3978
(5581, 8081)
4939
682
2253
3407
2455
(5118, 7618)
4149
(5131, 7631)
-1
-1
3228
1099
3376
3711
1107
843
(5128, 7628)
4825
-1
4934
1766
(5154, 7654)
(5267, 7767)
1925
565
1818
(5328, 7828)
2821
1988
1785
(6072, 8572)
1011
390
2268
963
3549
405
2659
4732
(5705, 8205)
4480
1384
3026
2686
4274
4916
3237
(5331, 7831)
414
4844
-1
36
74
2273
1390
(6639, 9139)
2612
1091
1395
2329
-1
3684
(6689, 9189)
-1
1832
206
3736
(6401, 8901)
1583
3880
1097
-1
(6092, 8592)
3669
4101
2541
(5101, 7601)
-1
(7334, 9834)
551
-1
749
2075
1860
23
4947
(7174, 9674)
1621
3803
-1
2493
1912
2950
2177
1115
2126
2877
-1
3519
3281
3118
4655
-1
2727
705
2601
2375
1894
3195
904
2534
(5855, 8355)
-1
4827
1032
465
2975
3733
4135
1283
2919
-1
4306
4035
(6583, 9083)
2444
(6601, 9101)
1586
15
4858
-1
2794
821
3220
-1
4441
2205
(6019, 8519)
4093
3958
1874
2629
3550
646
4389
3785
(6561, 9061)
3199
2575
3249
-1
4986
-1
(5115, 7615)
(5218, 7718)
2400
1102
3207
886
753
1285
-1
775
3175
831
1280
4697
-1
4036
782
-1
(6603, 9103)
3903
4641
2880
(5875, 8375)
294
2622
3282
1959
(7045, 9545)
1060
1304
800
4618
2205
744
-1
3266
(6274, 8774)
2144
-1
865
444
1537
1855
435
2090
2589
1748
-1
-1
116
(7092, 9592)
2856
3339
4878
(6699, 9199)
2008
4201
(5491, 7991)
(5760, 8260)
898
-1
1302
2460
-1
1348
-1
(6075, 8575)
1065
1433
4847
4879
2418
-1
1071
(5060, 7560)
4321
-1
1580
2041
2966
2946
2934
-1
2386
1492
4515
3189
1411
3984
2769
613
2074
3898
-1
-1
1755
-1
(6891, 9391)
1587
27
-1
-1
821
-1
3500
2166
2627
-1
-1
1266
4895
3545
-1
-1
2838
4260
1278
2761
(5427, 7927)
1964
9
-1
(5097, 7597)
1352
-1
(6472, 8972)
2741
4532
484
102
-1
937
-1
458
318
3288
(5800, 8300)
1964
4413
1010
3830
4387
636
3073
2388
4638
2209
1021
2756
3577
3042
4039
(6796, 9296)
3317
(5782, 8282)
2082
2834
475
1750
(5058, 7558)
2679
-1
1474
(6835, 9335)
1050
3282
2204
3074
2485
2328
-1
-1
2718
2473
4301
4002
4135
850
3585
3536
4205
3121
(7023, 9523)
4289
-1
4996
4932
3200
4150
-1
1725
144
3790
414
-1
-1
-1
(6817, 9317)
3870
-1
1039
-1
1940
-1
(5418, 7918)
1220
-1
4206
4451
530
181
2700
4942
3542
3773
1751
-1
81
4157
511
2568
2197
931
4016
4379
4898
195
1895
3761
3442
(5481, 7981)
1283
(5327, 7827)
(6515, 9015)
1034
(6388, 8888)
2475
3282
(5082, 7582)
-1
4424
4366
(6341, 8841)
497
-1
2769
(5076, 7576)
-1
-1
(5839, 8339)
-1
2112
592
-1
2651
905
(7413, 9913)
1580
2574
1102
1997
982
-1
2558
2495
(6854, 9354)
-1
1200
4789
2922
4134
187
-1
156
752
(6749, 9249)
2909
4152
3455
4830
4323
512
3217
2814
1610
(5858, 8358)
-1
4362
4426
3324
3673
1873
-1
3266
-1
4350
1529
(5252, 7752)
283
4284
1895
(6138, 8638)
554
4481
-1
2019
1666
4435
-1
1332
-1
2224
1405
4270
-1
4964
-1
2562
602
3715
1045
3208
(6903, 9403)
507
3125
3573
-1
4639
(5778, 8278)
-1
-1
2907
2997
1507
4008
231
4333
-1
-1
3311
909
992
-1
3573
2519
4250
2994
4728
3487
4659
2478
1653
4372
1389
2765
1523
(6206, 8706)
1762
4671
815
3370
2881
(7281, 9781)
2348
1742
2752
4075
(6878, 9378)
1042
(6509, 9009)
4368
(5220, 7720)
3112
4181
1118
1173
4665
-1
-1
2320
2419
795
8
2568
2508
2453
-1
(6527, 9027)
-1
3721
4750
3398
4338
-1
3647
1689
4411
3962
384
1342
867
992
2459
4862
3542
-1
3675
478
1771
4704
290
2235
(6023, 8523)
(6739, 9239)
1469
1509
2834
-1
4341
4377
4209
2758
1221
3616
4110
4739
4711
749
3938
327
765
1170
757
-1
(5250, 7750)
(7424, 9924)
(6059, 8559)
2465
(5534, 8034)
4394
1755
2956
4170
-1
1029
1639
3265
(5143, 7643)
675
-1
160
2419
2774
3932
1926
4977
4014
-1
1802
-1
2654
-1
-1
3948
-1
(7236, 9736)
2225
2612
-1
3468
2714
1913
2473
252
2956
(6465, 8965)
1149
4305
4207
697
2206
2313
-1
730
2713
-1
(5295, 7795)
(5817, 8317)
868
225
(6302, 8802)
2707
3679
250
1583
1088
54
2071
-1
(7098, 9598)
2851
702
-1
1083
4514
-1
-1
(6715, 9215)
-1
1837
-1
1033
4424
1048
677
3226
(6864, 9364)
3841
3819
2958
2980
4553
(7378, 9878)
4189
3558
4289
2169
1173
-1
3385
(5329, 7829)
-1
4870
-1
388
-1
273
4895
(6984, 9484)
-1
1272
2531
4020
-1
(7022, 9522)
1260
2985
757
189
2423
2634
1268
-1
-1
2653
-1
2938
-1
1469
3215
3356
-1
(6465, 8965)
-1
1521
-1
-1
(5736, 8236)
(6931, 9431)
4024
4046
3351
4970
-1
3928
1638
3870
(6062, 8562)
1754
1923
3841
218
2202
1097
-1
1050
1634
2745
-1
2919
4871
2566
965
2319
71
(5238, 7738)
3070
805
-1
764
3780
2715
(5403, 7903)
3913
1948
2095
-1
264
-1
(5616, 8116)
-1
4533
-1
4357
2345
4212
556
4487
3954
264
-1
4853
772
4493
4542
4528
3193
48
153
1876
3510
2879
-1
(5620, 8120)
2816
27
4163
785
(6873, 9373)
768
4546
3742
3988
4025
(6815, 9315)
48
4169
2873
33
528
1216
3449
2404
4360
(7199, 9699)
4120
2897
897
181
4917
(5348, 7848)
2844
1591
1141
-1
1446
4712
1335
3816
-1
2162
(5508, 8008)
145
2119
-1
73
1235
602
2220
-1
1987
4612
2174
-1
2354
4820
-1
41
1354
-1
-1
2870
750
4492
-1
849
4372
2782
1203
(6553, 9053)
(5566, 8066)
3155
1093
2321
4516
301
3704
-1
424
1474
4769
1544
1877
3299
4154
2516
3625
33
1679
(6445, 8945)
2422
1586
-1
-1
3294
2984
3060
2806
2327
1253
3574
-1
414
-1
785
-1
2685
2906
1262
2995
642
495
-1
1799
3278
2743
90
(5234, 7734)
(5711, 8211)
3245
2606
3679
3854
171
2549
4273
3738
4898
-1
313
-1
1409
2109
-1
(5750, 8250)
1949
2048
4770
3791
2992
3969
1087
(5593, 8093)
-1
(5701, 8201)
(6596, 9096)
397
1486
2470
-1
2321
1707
(5632, 8132)
-1
2668
2218
(5951, 8451)
3870
-1
2815
2630
3935
(6504, 9004)
1731
-1
3289
328
2724
1243
3382
2395
789
2296
2979
(6420, 8920)
3681
4727
-1
-1
4951
-1
3654
4528
2323
1788
3176
4101
864
2470
-1
1717
4660
2082
3054
(5108, 7608)
1735
1020
188
1711
937
1408
1964
-1
4894
1243
3827
2976
-1
4747
3469
-1
3690
2453
2622
4466
4021
-1
4055
1813
-1
(5379, 7879)
3745
-1
4044
-1
(5580, 8080)
4916
3581
4324
2098
(7209, 9709)
-1
3384
994
-1
3198
3767
2016
2599
(6928, 9428)
592
-1
408
4294
1363
4087
-1
201
4499
-1
2675
154
4792
476
133
2923
776
3601
3457
(6143, 8643)
1042
3577
4763
2167
2784
3311
1789
1191
4116
-1
2565
1685
706
-1
3150
4031
4495
1925
2149
-1
2786
2643
447
-1
4937
688
3678
(5041, 7541)
2699
3746
(5318, 7818)
1760
4273
-1
4543
2589
4959
3425
3717
2218
3451
1683
2416
2960
4114
4888
1265
867
-1
693
3129
174
(6733, 9233)
-1
4507
-1
4993
-1
190
4059
955
507
-1
-1
4652
-1
805
2496
4735
269
4854
605
2909
34
4858
(6639, 9139)
4175
522
81
1135
977
(6761, 9261)
2764
1735
2961
-1
(6701, 9201)
3895
-1
186
3709
4084
1681
(5646, 8146)
3201
3979
859
4161
611
(6258, 8758)
4412
2426
4835
-1
(6338, 8838)
2960
-1
678
1162
2413
-1
-1
-1
406
3928
1863
2849
1881
(6220, 8720)
1221
-1
3242
2094
245
(6626, 9126)
1234
4423
(6892, 9392)
1772
4639
838
1553
2398
(6557, 9057)
314
195
1728
3616
643
-1
-1
-1
1185
4903
2042
1363
2605
-1
3310
3398
(6246, 8746)
4618
1361
2646
-1
1173
684
4019
4397
1535
4599
4495
2577
1941
3404
3063
38
401
2026
1679
225
2664
381
4539
4030
241
-1
4830
-1
-1
2675
1355
(7238, 9738)
615
2683
2474
(5066, 7566)
(5279, 7779)
4873
4770
3291
4687
3770
-1
697
2113
(6060, 8560)
2315
3315
4987
429
-1
2944
1382
-1
2056
4284
3779
3821
1830
-1
-1
4121
3292
4418
1846
180
2364
200
1184
4182
-1
998
(6249, 8749)
2591
603
1612
534
3451
3944
(6126, 8626)
-1
1370
-1
257
4646
4847
537
1094
(6470, 8970)
(7282, 9782)
1346
-1
3291
2197
(7046, 9546)
3157
1195
2025
3945
(6339, 8839)
-1
(5406, 7906)
3230
(6614, 9114)
1037
3998
2379
-1
1622
-1
3901
1850
144
1647
-1
2853
4569
1367
4786
4996
4014
4958
-1
1274
4567
1954
454
1887
(6447, 8947)
4525
2236
3030
-1
234
(6900, 9400)
2086
549
-1
3195
3279
606
3574
3659
3994
3926
(6601, 9101)
874
4145
1855
3794
520
3541
1539
2149
2334
4850
619
4562
-1
4641
1737
-1
(6769, 9269)
4941
2313
(5218, 7718)
1350
3999
(6782, 9282)
-1
7
(5159, 7659)
2674
1379
2969
4946
4493
888
1714
(6429, 8929)
4752
1774
2622
3959
4043
(6708, 9208)
-1
1445
4798
3902
181
743
-1
3809
3571
293
116
2560
(6963, 9463)
4690
400
(5023, 7523)
(6376, 8876)
2314
3640
3322
4138
1451
2074
1131
1556
4762
2146
-1
-1
(5304, 7804)
2988
