106.47
107.14
111.12
110.19
110.89
112.09
108.52
109.19
104.82
107.59
108.59
109.08
109.45
106.03
102.89
103.97
103.69
101.51
98.23
94.13
100.56
101.18
100.39
101.57
101.12
97.4
101.93
102.06
102.8
104.27
103.6
102.8
102.05
105.01
105.38
106.12
107.71
105.68
106.71
106.2
107.17
105.08
102.94
106.38
104.43
102.78
105.74
107.22
106.03
105.27
105.67
105.25
106.89
106.81
106.9
108.22
108.17
107.15
109.41
110.97
111.59
112.36
112.17
112.03
112.53
112.26
111.7
111.75
110.39
110.51
112.83
113.62
114.5
114.59
115.91
117.57
117.65
117.52
120.22
117.05
117.66
117.91
116.77
116.93
117.94
119.02
119.19
119.97
119.36
119.89
119.93
119.28
120.19
120.33
120.95
121.05
120.77
121.77
123.37
123.76
125.44
125.01
129.15
129.89
129.77
130.6
127.88
126.21
128.9
128.15
125.52
125.51
125.5
127.13
123.35
124.73
126.02
128.93
128.07
126.22
126.9
127.67
126.18
126.24
126.16
124.94
125.73
123.68
119.84
123.16
125.83
127.82
131.4
132.6
132.1
131.49
132.32
132.45
132.85
135.16
135.69
136.95
136.97
137.78
133.43
133.93
134.15
133.96
135.68
136.58
137.46
137.06
136.96
136.46
137.85
138.4
138.9
138.9
137.08
136.27
136.42
136.62
138.43
139.29
140.72
140.19
141.34
141.03
140.35
136.27
138.06
136.9
132.21
134.69
135.28
138.89
137.71
135.79
138.6
133.98
133.68
136.13
138.41
137.26
138.79
137.78
133.39
135.45
135.74
135.56
138.12
137.86
136.04
137.63
140.05
139.1
137.52
136.08
136.12
137.52
137.32
136.33
137.39
138.52
141.07
139.44
139.14
137.38
139.36
139.54
137.73
139.03
137.07
134.65
136.28
138.12
137.12
135.67
138.24
139.1
139.68
139.55
141.57
140.41
139.69
137.41
138.43
136.37
137.24
139.94
140.73
144.19
142.83
144.61
143.37
143.72
144.55
144.46
144.06
144.26
145.96
146.11
147.07
147.31
148.06
149.97
150.34
150.39
149.62
149.48
149.59
151.23
152.07
